163418
169101
501082
160421
161232
161610
160211
160919
163302
160805
160611
162207
167001
501076
160105
501098
161706
501097
501080
160133
160220
161219
166023
161131
161834
161038
160610
160916
161233
501085
161222
165313
163412
161727
160812
161005
163001
165512
501188
501206
160918
501051
501087
161225
163415
160813
162703
501095
501208
169201
169104
501203
160142
501189
163417
163801
165508
501075
161224
160518
160512
165516
501202
160505
169105
160106
501022
163402
163406
168103
160314
160324
501028
501071
501026
501219
160526
501077
168105
161229
161810
501015
168101
501064
160910
163503
501092
165528
162605
168401
166001
501099
160212
160642
163409
160607
162006
501083
160127
168104
501078
160311
161903
501081
501207
160323
161729
501186
164403
501096
501205
161728
162414
168102
166006
160722
501091
163110
501201
501079
160215
501001
501209
501073
160921
160527
162607
166009
160613
168301
166107
167002
166011
501032
501200
167003
501017
161226
161035
160632
160635
501010
502056
160639
163118
501008
160218
501037
161122
501089
501011
501012
160638
165519
167301
501048
501059
160222
501047
167302
161725
168204
161716
164206
501030
168701
501029
501005
160633
501009
160616
161726
162412
161607
160135
161033
502006
161030
502013
160628
501090
501036
501007
501058
160223
161037
161816
501043
161123
161027
161720
162711
160925
501227
502053
160119
161026
501045
502048
160629
165309
502010
161039
165520
163116
161031
162216
161631
161217
501031
160630
161028
164508
160807
165525
160706
161724
162509
163113
163115
160219
161811
501057
502023
160225
160625
161017
160637
161812
160221
160631
168203
163109
160615
162307
163407
161029
163111
165511
501019
165515
161118
163821
501016
161032
161024
502003
501050
502000
161227
160806
160643
161715
161121
160620
160716
163114
165521
160626
165522
161025
161036
